4294967279,314
4294967278,374
81,7
4294967278,371
4294967278,369
4294967279,312
4294967279,310
4294967278,362
81,6
81,5
4294967279,309
4294967279,307
4294967279,306
4294967278,360
4294967279,305
4294967278,354
4294967278,353
4294967294,511
4294967294,1420
4294967278,341
4294967278,367
4294967293,131
4294967293,130
4294967293,129
4294967293,128
4294967293,127
4294967293,126
4294967293,125
4294967293,124
4294967293,123
4294967293,122
4294967293,121
4294967293,120
4294967293,119
4294967293,118
4294967293,117
4294967293,116
4294967293,115
4294967293,114
4294967293,113
4294967293,112
4294967293,111
4294967293,110
4294967293,109
4294967293,108
4294967293,107
4294967293,106
4294967293,105
4294967293,104
4294967293,103
4294967293,102
4294967293,101
4294967293,100
4294967293,99
4294967293,98
4294967293,97
4294967293,96
4294967293,95
4294967293,94
4294967293,93
4294967293,92
4294967293,91
4294967293,90
4294967293,89
4294967293,88
4294967293,87
4294967293,86
4294967293,85
4294967293,84
4294967293,83
4294967293,82
4294967293,81
4294967293,80
4294967293,79
4294967293,78
4294967293,77
4294967293,76
4294967293,75
4294967293,74
4294967293,73
4294967293,72
4294967293,71
4294967293,70
4294967293,69
4294967293,68
4294967293,67
4294967293,66
4294967293,65
4294967293,64
4294967293,63
4294967293,62
4294967293,61
4294967293,60
4294967293,59
4294967293,58
4294967293,57
4294967293,56
4294967293,55
4294967293,54
4294967293,53
4294967293,52
4294967293,51
4294967293,50
4294967293,49
4294967293,48
4294967293,47
4294967293,46
4294967293,45
4294967293,44
4294967293,43
4294967293,42
4294967293,41
4294967293,40
4294967293,39
4294967293,38
4294967293,37
4294967293,36
4294967293,35
4294967293,34
4294967293,33
4294967293,32
4294967293,31
4294967293,30
4294967293,29
4294967293,28
4294967293,27
4294967293,26
4294967293,25
4294967293,24
4294967293,23
4294967293,22
4294967293,21
4294967293,20
4294967293,19
4294967293,18
4294967293,17
4294967293,16
4294967293,15
4294967293,14
4294967293,13
4294967293,12
4294967293,11
4294967293,10
4294967293,9
4294967293,8
4294967293,7
4294967293,6
4294967293,5
4294967293,4
4294967293,3
4294967293,2
4243767290,0
4243767289,0
4243767288,0
4243767287,0
4243767286,0
4243767285,0
4243767284,0
4243767283,0
4243767282,0
4243767281,0
4294967293,0
4294967279,202
4294967279,89
4294967279,496
4294967279,203
4294967279,90
4294967279,500
4294967279,204
4294967279,91
4294967279,467
4294967279,205
4294967279,92
4294967279,468
4294967279,206
4294967279,93
4294967279,482
4294967279,207
4294967279,94
4294967279,297
4294967279,208
4294967279,95
4294967279,510
4294967279,209
4294967279,96
4294967279,276
4294967279,210
4294967279,97
4294967279,412
4294967279,211
4294967279,98
4294967279,278
4294967279,212
4294967279,99
4294967279,466
4294967279,213
4294967279,100
4294967279,503
4294967279,214
4294967279,101
4294967279,280
4294967279,257
4294967279,102
4294967279,409
4294967279,216
4294967279,103
4294967279,318
4294967279,218
4294967279,104
4294967279,505
4294967279,220
4294967279,105
4294967279,281
4294967279,222
4294967279,106
4294967279,453
4294967279,224
4294967279,107
4294967279,261
4294967279,226
4294967279,108
4294967279,319
4294967279,228
4294967279,109
4294967279,469
4294967279,230
4294967279,110
4294967279,415
4294967279,232
4294967279,111
4294967279,235
4294967279,234
4294967279,112
4294967279,277
4294967279,236
4294967279,113
4294967279,299
4294967279,237
4294967279,114
4294967279,437
4294967279,238
4294967279,115
4294967279,241
4294967279,240
4294967279,116
4294967279,243
4294967279,242
4294967279,117
4294967279,245
4294967279,244
4294967279,118
4294967279,300
4294967279,246
4294967279,119
4294967279,511
4294967279,248
4294967279,120
4294967279,456
4294967279,249
4294967279,121
4294967279,439
4294967279,250
4294967279,122
4294967279,253
4294967279,123
4294967279,476
4294967279,254
4294967279,124
4294967278,376
4294967278,140
4294967279,416
4294967279,125
4294967279,282
4294967279,255
4294967279,126
4294967279,393
4294967279,294
4294967279,127
4294967279,394
4294967279,301
4294967279,128
4294967279,304
4294967279,395
4294967279,129
4294967279,302
4294967279,396
4294967279,130
4294967279,418
4294967279,283
4294967279,131
4294967279,389
4294967279,397
4294967279,132
4294967278,364
4294967278,359
4294967278,4
4294967278,257
4294967278,5
4294967278,300
4294967278,258
4294967278,6
4294967278,420
4294967278,259
4294967278,7
4294967278,379
4294967278,261
4294967278,8
4294967278,278
4294967278,347
4294967278,9
4294967278,223
4294967278,263
4294967278,10
4294967278,408
4294967278,264
4294967278,11
4294967278,426
4294967278,280
4294967278,12
4294967278,337
4294967278,265
4294967278,13
4294967278,256
4294967278,266
4294967278,14
4294967278,282
4294967278,349
4294967278,15
4294967278,424
4294967278,268
4294967278,16
4294967278,397
4294967278,269
4294967278,17
4294967278,417
4294967278,270
4294967278,18
4294967278,366
4294967278,271
4294967278,19
4294967278,418
4294967278,272
4294967278,20
4294967278,385
4294967278,133
4294967278,21
4294967278,375
4294967278,134
4294967278,22
4294967278,235
4294967278,135
4294967278,23
4294967278,431
4294967278,136
4294967278,24
4294967278,276
4294967278,275
4294967278,25
4294967278,239
4294967278,138
4294967278,26
4294967278,303
4294967278,139
4294967278,27
4294967278,315
4294967278,159
4294967278,28
4294967278,291
4294967278,141
4294967278,29
4294967278,340
4294967278,142
4294967278,30
4294967278,322
4294967278,143
4294967278,31
4294967278,409
4294967278,144
4294967278,32
4294967278,365
4294967278,145
4294967278,33
4294967278,241
4294967278,146
4294967278,34
4294967278,372
4294967278,147
4294967278,35
4294967278,320
4294967278,148
4294967278,36
4294967278,393
4294967278,149
4294967278,37
4294967278,312
4294967278,150
4294967278,38
4294967278,391
4294967278,151
4294967278,39
4294967278,304
4294967278,152
4294967278,40
4294967278,338
4294967278,153
4294967278,41
4294967278,225
4294967278,154
4294967278,42
4294967278,324
4294967278,155
4294967278,43
4294967278,368
4294967278,156
4294967278,44
4294967278,247
4294967278,157
4294967278,45
4294967278,421
4294967278,158
4294967278,46
4294967278,350
4294967278,166
4294967278,47
4294967278,321
4294967278,160
4294967278,48
4294967278,316
4294967278,161
4294967278,49
4294967278,162
4294967278,50
4294967278,377
4294967278,163
4294967278,51
4294967278,396
4294967278,164
4294967278,52
4294967278,422
4294967278,165
4294967278,53
4294967278,370
4294967278,54
4294967278,317
4294967278,167
4294967278,55
4294967278,243
4294967278,168
4294967278,56
4294967278,169
4294967278,57
4294967278,398
4294967278,170
4294967278,58
4294967278,325
4294967278,171
4294967278,59
4294967278,330
4294967278,172
4294967278,60
4294967278,331
4294967278,173
4294967278,61
4294967278,392
4294967278,175
4294967278,62
4294967279,488
4294967279,87
4294967279,434
4294967279,86
4294967279,402
4294967279,85
4294967279,432
4294967279,198
4294967279,465
4294967279,197
4294967279,452
4294967279,196
4294967279,81
4294967279,195
4294967279,80
4294967279,194
4294967279,79
4294967279,193
4294967279,78
4294967279,398
4294967279,77
4294967279,290
4294967279,76
4294967279,473
4294967279,189
4294967279,289
4294967279,188
4294967279,451
4294967279,187
4294967279,72
4294967279,450
4294967279,185
4294967279,479
4294967279,184
4294967279,502
4294967279,183
4294967279,68
4294967279,182
4294967279,67
4294967279,181
4294967279,66
4294967279,180
4294967279,65
4294967279,448
4294967279,64
4294967279,63
4294967279,177
4294967279,62
4294967279,61
4294967279,175
4294967279,60
4294967279,173
4294967279,59
4294967279,58
4294967279,171
4294967279,57
4294967279,170
4294967279,56
4294967279,169
4294967279,55
4294967279,492
4294967279,54
4294967279,252
4294967279,53
4294967279,484
4294967279,165
4294967279,51
4294967279,303
4294967279,50
4294967279,404
4294967279,49
4294967279,462
4294967279,161
4294967279,47
4294967279,501
4294967279,46
4294967279,491
4294967279,313
4294967279,158
4294967279,156
4294967279,285
4294967279,155
4294967279,414
4294967279,154
4294967279,41
4294967279,153
4294967279,40
4294967279,152
4294967279,39
4294967279,403
4294967279,38
4294967279,460
4294967279,37
4294967279,36
4294967279,444
4294967279,35
4294967279,430
4294967279,34
4294967279,392
4294967279,33
4294967279,311
4294967279,144
4294967279,489
4294967279,143
4294967279,298
4294967279,142
4294967279,29
4294967279,141
4294967279,28
4294967279,140
4294967279,27
4294967279,139
4294967279,26
4294967279,279
4294967279,25
4294967279,296
4294967279,24
4294967279,459
4294967279,135
4294967279,400
4294967279,133
4294967279,251
4294967279,292
4294967279,391
4294967279,441
4294967279,19
4294967279,274
4294967279,18
4294967279,273
4294967279,17
4294967279,481
4294967279,16
4294967279,308
4294967279,15
4294967279,275
4294967279,14
4294967279,478
4294967279,287
4294967279,12
4294967279,458
4294967279,11
4294967279,422
4294967279,265
4294967279,390
4294967294,1459
4294967294,29
4294967294,1450
4294967294,971
4294967294,1761
4294967294,36
4294967294,38
4294967294,39
4294967294,1763
4294967294,41
4294967294,42
4294967294,1770
4294967294,115
4294967294,1754
4294967294,44
4294967294,1777
4294967294,1760
4294967294,1441
4294967294,392
4294967294,1772
4294967294,1767
4294967294,47
4294967294,48
4294967294,51
4294967294,1776
4294967294,1751
4294967294,388
4294967294,1737
4294967294,1742
4294967294,73
4294967294,75
4294967294,76
4294967294,78
4294967294,80
4294967294,82
4294967294,1029
4294967294,1025
4294967294,983
4294967294,986
4294967294,1027
4294967294,84
4294967294,86
4294967294,87
4294967294,90
4294967294,92
4294967294,97
4294967294,1736
4294967294,98
4294967294,100
4294967294,102
4294967294,103
4294967294,105
4294967294,106
4294967294,1419
4294967294,161
4294967294,108
4294967294,387
4294967294,114
4294967294,162
4294967294,110
4294967294,112
4294967294,168
4294967294,116
4294967294,118
4294967294,119
4294967294,461
4294967294,394
4294967294,1565
4294967294,1850
4294967294,1578
4294967294,980
4294967294,407
4294967294,1735
4294967294,397
4294967294,1730
4294967294,1778
4294967294,1752
4294967294,1765
4294967294,1743
4294967294,190
4294967294,1030
4294967294,976
4294967294,1427
4294967294,18
4294967294,19
4294967294,126
4294967294,12
4294967294,14
4294967278,0
4294967294,599
4294967294,454
4294967294,435
4294967294,457
4294967294,583
4294967294,601
4294967294,1021
4294967294,1032
4294967294,163
4294967294,164
4294967294,183
4294967294,1034
4294967294,470
4294967294,170
4294967294,172
4294967294,173
4294967294,175
4294967294,191
4294967294,1035
4294967294,176
4294967294,177
4294967294,182
4294967294,184
4294967294,185
4294967294,58
4294967294,59
4294967294,8
2,1
5,4
8,4
60,4
60,1
77,1
81,2
81,1
82,1
83,4
85,4
85,1
89,4
94,1
94,5
94,7
94,8
100,5
100,1
122,5
153,4
153,1
194,61
194,1
194,63
194,74
194,75
194,77
194,78
194,80
194,81
194,83
194,85
194,86
194,88
194,89
194,91
194,93
194,94
194,96
194,97
194,99
194,100
194,102
194,104
194,105
194,107
194,108
194,110
194,112
194,113
194,115
194,116
194,118
194,119
194,121
194,123
194,124
194,126
194,127
194,129
194,131
194,132
194,192
194,193
194,195
194,197
194,198
194,200
194,201
194,203
194,204
194,206
194,208
194,209
194,211
194,212
194,214
194,216
194,217
194,219
194,220
194,222
194,223
194,225
194,227
194,228
194,230
194,231
194,233
194,235
194,256
194,258
194,259
194,261
194,262
194,264
194,266
194,267
194,269
194,270
194,272
194,274
194,275
194,277
194,278
194,280
194,282
194,283
194,285
194,286
194,288
194,289
194,291
194,293
194,294
194,296
194,297
194,299
194,301
194,302
194,304
194,305
194,307
194,308
194,310
194,312
194,313
194,315
194,316
194,318
194,320
194,321
194,323
194,324
194,326
194,327
194,329
194,331
194,332
194,334
194,335
194,337
194,339
194,340
194,342
194,343
194,345
194,346
194,348
194,350
194,351
194,353
194,354
194,356
194,358
194,359
194,361
194,362
194,364
194,366
194,367
194,369
194,370
194,372
194,373
194,375
210,1
210,5
214,6
214,1
214,14
214,17
214,18
214,20
214,22
214,24
214,25
214,27
214,29
214,30
214,32
214,34
214,36
